time, system, entity , mmsi, msg_in, msg_out,iter_time
1709504129.13693, caravela,7,111,12,5,
1709504132.28655, caravela,7,111,9,3,3.14962100982666
1709504139.58615, caravela,7,111,21,10,7.2996039390564
1709504142.73628, caravela,7,111,9,3,3.1501259803772
1709504149.88879, caravela,7,111,24,9,7.15251398086548
1709504152.98719, caravela,7,111,9,3,3.09839701652527
1709504157.08611, caravela,7,111,12,5,4.09892702102661
1709504163.1864, caravela,7,111,15,6,6.1002881526947
1709504167.28895, caravela,7,111,12,4,4.10254383087158
1709504172.43624, caravela,7,111,15,5,5.147292137146
1709504177.5365, caravela,7,111,15,5,5.100261926651
1709504180.58672, caravela,7,111,9,3,3.05021810531616
1709504185.68195, caravela,7,111,15,5,5.09523296356201
1709504191.83626, caravela,7,111,18,6,6.15430998802185
1709504195.93624, caravela,7,111,12,4,4.09997797012329
1709504198.93719, caravela,7,111,9,3,3.00095009803772
1709504205.10384, caravela,7,111,18,6,6.16665196418762
1709504126.28267, caravela-2,7,112,8,6,
1709504130.38243, caravela-2,7,112,8,4,4.09975600242615
1709504137.58309, caravela-2,7,112,14,7,7.20066094398499
1709504140.73247, caravela-2,7,112,6,3,3.14937996864319
1709504143.78244, caravela-2,7,112,5,3,3.04997396469116
1709504147.88222, caravela-2,7,112,8,4,4.09978008270264
1709504151.98258, caravela-2,7,112,8,4,4.10036492347717
1709504155.03253, caravela-2,7,112,6,3,3.04994297027588
1709504158.13313, caravela-2,7,112,6,3,3.10060596466064
1709504161.18376, caravela-2,7,112,7,3,3.05062699317932
1709504165.38243, caravela-2,7,112,8,4,4.19866514205933
1709504168.3844, caravela-2,7,112,5,3,3.00197100639343
1709504174.63231, caravela-2,7,112,13,8,6.24790787696838
1709504177.73235, caravela-2,7,112,6,3,3.10004615783691
1709504182.88236, caravela-2,7,112,10,5,5.15001082420349
1709504189.03237, caravela-2,7,112,12,9,6.15001106262207
1709504193.1368, caravela-2,7,112,8,5,4.10442304611206
1709504196.28246, caravela-2,7,112,6,3,3.14566111564636
1709504202.48237, caravela-2,7,112,12,9,6.19991183280945
1709504235.82216, caravela,7,111,9,5,
1709504239.9203, caravela,7,111,12,5,4.0981388092041
1709504245.07123, caravela,7,111,15,7,5.1509280204773
1709504248.22243, caravela,7,111,9,3,3.15119910240173
1709504251.32015, caravela,7,111,9,3,3.09771704673767
1709504254.37175, caravela,7,111,9,3,3.05160784721375
1709504257.4708, caravela,7,111,12,3,3.09904909133911
1709504260.62014, caravela,7,111,9,3,3.14933300018311
1709504263.6717, caravela,7,111,9,3,3.05156207084656
1709504266.7701, caravela,7,111,9,3,3.09839797019958
1709504271.87044, caravela,7,111,12,6,5.10033893585205
1709504274.87204, caravela,7,111,9,3,3.00160503387451
1709504279.02049, caravela,7,111,12,5,4.14845204353333
1709504283.17315, caravela,7,111,12,4,4.15265583992004
1709504291.32182, caravela,7,111,24,13,8.14866709709168
1709504295.47033, caravela,7,111,12,4,4.14851093292236
1709504300.572, caravela,7,111,15,5,5.1016731262207
1709504303.72013, caravela,7,111,9,3,3.14812588691711
1709504233.97728, caravela-2,7,112,7,4,
1709504238.02753, caravela-2,7,112,8,4,4.0502450466156
1709504243.1775, caravela-2,7,112,10,5,5.14997482299805
1709504246.22769, caravela-2,7,112,6,3,3.05018711090088
1709504249.32728, caravela-2,7,112,6,3,3.09959292411804
1709504252.32758, caravela-2,7,112,6,3,3.00029301643372
1709504255.37888, caravela-2,7,112,5,3,3.05130505561829
1709504258.47765, caravela-2,7,112,6,3,3.09876894950867
1709504262.57762, caravela-2,7,112,8,4,4.09996891021729
1709504265.72725, caravela-2,7,112,6,3,3.14962816238403
1709504269.82844, caravela-2,7,112,9,4,4.10119700431824
1709504272.92818, caravela-2,7,112,6,3,3.09973692893982
1709504277.07754, caravela-2,7,112,8,4,4.1493570804596
1709504280.17768, caravela-2,7,112,6,3,3.10013794898987
1709504292.47881, caravela-2,7,112,24,13,12.3011388778687
1709504297.72744, caravela-2,7,112,10,7,5.24862813949585
1709504301.82749, caravela-2,7,112,8,4,4.10004305839539
1709504304.92734, caravela-2,7,112,5,3,3.09985280036926
1709583455.5176, caravela,7,111,11,5,
1709583458.56749, caravela,7,111,10,3,3.04988598823547
1709583464.71748, caravela,7,111,18,7,6.14998912811279
1709583470.91878, caravela,7,111,18,7,6.20130181312561
1709583473.96756, caravela,7,111,9,3,3.04877805709839
1709583483.26735, caravela,7,111,27,9,9.29979395866394
1709583488.41771, caravela,7,111,13,7,5.15036106109619
1709583493.56752, caravela,7,111,12,5,5.14980602264404
1709583498.61757, caravela,7,111,15,6,5.05005502700806
1709583502.81757, caravela,7,111,12,5,4.19999599456787
1709583512.11741, caravela,7,111,29,13,9.29983806610107
1709583516.31747, caravela,7,111,12,5,4.20006489753723
1709583521.471, caravela,7,111,15,7,5.15352296829224
1709583452.93247, caravela-2,7,112,7,5,
1709583455.98433, caravela-2,7,112,6,3,3.05186414718628
1709583460.18901, caravela-2,7,112,8,4,4.20467495918274
1709583463.23323, caravela-2,7,112,6,3,3.04422211647034
1709583466.33247, caravela-2,7,112,6,3,3.09924387931824
1709583469.43358, caravela-2,7,112,6,3,3.10110402107239
1709583472.48308, caravela-2,7,112,6,3,3.04950499534607
1709583476.63237, caravela-2,7,112,8,4,4.14928889274597
1709583481.74265, caravela-2,7,112,10,5,5.11028003692627
1709583486.88242, caravela-2,7,112,10,5,5.13976716995239
1709583490.98521, caravela-2,7,112,8,4,4.10278677940369
1709583494.08277, caravela-2,7,112,6,3,3.09756708145142
1709583497.13255, caravela-2,7,112,6,3,3.04977798461914
1709583501.28237, caravela-2,7,112,8,4,4.14982104301453
1709583504.33312, caravela-2,7,112,6,3,3.05074310302734
1709583510.48244, caravela-2,7,112,15,6,6.14932680130005
1709583514.5832, caravela-2,7,112,8,4,4.10075998306274
1709583519.73241, caravela-2,7,112,10,5,5.14920401573181
1709583523.83262, caravela-2,7,112,8,5,4.10021018981934
1709722921.12356, caravela,7,111,7,3,
1709722925.17455, caravela,7,111,12,4,4.05099606513977
1709722929.27343, caravela,7,111,12,4,4.09887290000916
1709722936.4751, caravela,7,111,21,9,7.20167207717896
1709722939.62326, caravela,7,111,9,3,3.14816188812256
1709722945.72392, caravela,7,111,18,9,6.10065698623657
1709722948.82351, caravela,7,111,9,3,3.09959292411804
1709722952.92337, caravela,7,111,12,5,4.09985709190369
1709722957.02325, caravela,7,111,12,5,4.09988212585449
1709722961.12368, caravela,7,111,12,4,4.10042881965637
1709722964.2233, caravela,7,111,9,3,3.0996241569519
1709722971.42342, caravela,7,111,21,7,7.20011591911316
1709722981.62353, caravela,7,111,30,11,10.2001080513001
1709722987.77462, caravela,7,111,18,9,6.15109586715698
1709722990.92416, caravela,7,111,9,3,3.14953303337097
1709722918.40342, caravela-2,7,112,4,3,
1709722922.45372, caravela-2,7,112,8,4,4.05029606819153
1709722926.55361, caravela-2,7,112,8,5,4.0998969078064
1709722934.70356, caravela-2,7,112,16,8,8.14994406700134
1709722937.7536, caravela-2,7,112,6,3,3.05004191398621
1709722943.95337, caravela-2,7,112,12,6,6.19977402687073
1709722947.00358, caravela-2,7,112,6,3,3.05020689964294
1709722951.15341, caravela-2,7,112,8,4,4.14983320236206
1709722955.20422, caravela-2,7,112,8,4,4.0508029460907
1709722958.30339, caravela-2,7,112,6,3,3.09917092323303
1709722961.35533, caravela-2,7,112,6,3,3.05194592475891
1709722968.55326, caravela-2,7,112,14,11,7.19793009757996
1709722976.65358, caravela-2,7,112,16,13,8.10031390190125
1709722979.75334, caravela-2,7,112,6,3,3.09976816177368
1709722985.90334, caravela-2,7,112,12,6,6.14999389648438
1709722989.0032, caravela-2,7,112,6,3,3.09986209869385
1710837528.64531, caravela,7,111,17,10,
1710837533.84333, caravela,7,111,15,5,5.19802594184876
1710837538.04198, caravela,7,111,12,5,4.19864797592163
1710837543.09242, caravela,7,111,15,5,5.05043601989746
1710837554.3951, caravela,7,111,33,13,11.3026828765869
1710837561.64211, caravela,7,111,21,7,7.24701404571533
1710837567.74256, caravela,7,111,18,6,6.10044407844543
1710837571.79263, caravela,7,111,12,4,4.05007600784302
1710837575.94311, caravela,7,111,12,4,4.15047287940979
1710837580.04224, caravela,7,111,12,4,4.09913516044617
1710837584.14239, caravela,7,111,12,4,4.10014700889587
1710837589.29219, caravela,7,111,15,5,5.1498007774353
1710837522.27201, caravela-2,7,112,14,8,
1710837526.37236, caravela-2,7,112,8,4,4.1003429889679
1710837531.47204, caravela-2,7,112,10,5,5.09968709945679
1710837535.62175, caravela-2,7,112,8,4,4.1497118473053
1710837543.77197, caravela-2,7,112,16,12,8.15022015571594
1710837547.97199, caravela-2,7,112,8,4,4.20001602172852
1710837554.07215, caravela-2,7,112,12,9,6.10016393661499
1710837560.27208, caravela-2,7,112,12,9,6.19992589950562
1710837564.47174, caravela-2,7,112,8,4,4.1996591091156
1710837568.57267, caravela-2,7,112,8,5,4.10093402862549
1710837572.72184, caravela-2,7,112,8,5,4.14916586875916
1710837576.77209, caravela-2,7,112,8,5,4.05024814605713
1710837581.92205, caravela-2,7,112,10,7,5.14996099472046
